> cov(A_bru)              result            v          adv          adj            n          ner      emprunt          negresult   0.187121476  0.003950574 -0.015367212 -0.005969370  0.003063000  0.004768535  0.014636269 -0.004350853v        0.003950574  0.084582753 -0.004239906 -0.012354246 -0.045557779 -0.006630700 -0.011914810 -0.003263140adv     -0.015367212 -0.004239906  0.075445962 -0.010287591 -0.027501740 -0.015898016 -0.013111295 -0.005351549adj     -0.005969370 -0.012354246 -0.010287591  0.062741472 -0.025630874 -0.012069266 -0.007781500  0.005699617n        0.003063000 -0.045557779 -0.027501740 -0.025630874  0.144457014 -0.021719457 -0.014762443 -0.008440654ner      0.004768535 -0.006630700 -0.015898016 -0.012069266 -0.021719457  0.067316394 -0.007361643 -0.003306648emprunt  0.014636269 -0.011914810 -0.013111295 -0.007781500 -0.014762443 -0.007361643  0.057276801 -0.002131918neg     -0.004350853 -0.003263140 -0.005351549  0.005699617 -0.008440654 -0.003306648 -0.002131918  0.016881309> cor(A_bru)             result           v         adv        adj           n         ner     emprunt         negresult   1.00000000  0.03140201 -0.12933476 -0.0550921  0.01863013  0.04248765  0.14137714 -0.07741222v        0.03140201  1.00000000 -0.05307589 -0.1695891 -0.41214717 -0.08787352 -0.17118151 -0.08635583adv     -0.12933476 -0.05307589  1.00000000 -0.1495266 -0.26343463 -0.22308199 -0.19945191 -0.14995413adj     -0.05509210 -0.16958912 -0.14952656  1.0000000 -0.26922584 -0.18571333 -0.12980655  0.17513191n        0.01863013 -0.41214717 -0.26343463 -0.2692258  1.00000000 -0.22025168 -0.16229291 -0.17092427ner      0.04248765 -0.08787352 -0.22308199 -0.1857133 -0.22025168  1.00000000 -0.11855638 -0.09808995emprunt  0.14137714 -0.17118151 -0.19945191 -0.1298065 -0.16229291 -0.11855638  1.00000000 -0.06856114neg     -0.07741222 -0.08635583 -0.14995413  0.1751319 -0.17092427 -0.09808995 -0.06856114  1.00000000







result	v	adv	adj	n	ner	emprunt	neg
1	1	0	0	0	0	0	0
0	0	1	0	0	0	0	0
0	0	0	0.5	0	0	0	0.5
0	0	0.25	0.25	0.5	0	0	0
1	0	0	0	0.5	0.5	0	0
0	0.5	0	0	0	0	0	0.5
0	0	0.5	0	0.5	0	0	0
0	0.5	0	0	0	0	0	0.5
0	1	0	0	0	0	0	0
0	0	0	0	0.5	0	0.5	0
0	0	1	0	0	0	0	0
1	0	0	0	0.5	0.5	0	0
1	0	0	0	0.5	0	0.5	0
0	0.5	0.5	0	0	0	0	0
0	0	0	0	1	0	0	0
1	1	0	0	0	0	0	0
1	0	0	0	0	1	0	0
1	0.5	0	0	0	0	0.5	0
1	0	0	0	0	0	1	0
1	0	0	0	0.5	0	0.5	0
0	0	0	0	0	1	0	0
0	0	0	0	0	1	0	0
0	0.5	0.5	0	0	0	0	0
0	0	0.5	0	0.5	0	0	0
0	0	0.5	0.5	0	0	0	0
1	1	0	0	0	0	0	0
1	0.5	0.5	0	0	0	0	0
0	0.5	0.5	0	0	0	0	0
0	0.5	0.5	0	0	0	0	0
1	0.5	0.5	0	0	0	0	0
0	0.5	0.5	0	0	0	0	0
0	0.5	0	0	0	0.5	0	0
0	0.5	0	0	0.5	0	0	0
0	0	0	0.5	0.5	0	0	0
0	0.5	0	0	0	0.5	0	0
0	0.5	0	0	0	0.5	0	0
0	0	0.5	0	0	0.5	0	0
0	0.5	0.5	0	0	0	0	0
1	0.5	0	0	0	0.5	0	0
1	0.5	0	0	0.5	0	0	0
0	0	0	0	1	0	0	0
0	0.5	0	0	0.5	0	0	0
0	0.5	0	0	0.5	0	0	0
0	0	0	0	0	1	0	0
0	0.5	0	0	0	0.5	0	0
0	0.5	0	0	0.5	0	0	0
0	0.5	0	0	0	0.5	0	0
0	0.5	0	0	0	0.5	0	0
0	0.5	0	0	0	0.5	0	0
0	0.5	0	0.5	0	0	0	0
0	0	0	0.5	0	0	0	0.5
0	1	0	0	0	0	0	0
1	0	0	0.5	0	0	0	0.5
0	0	1	0	0	0	0	0
0	1	0	0	0	0	0	0
1	0.5	0.5	0	0	0	0	0
0	0.5	0.5	0	0	0	0	0
0	0.5	0	0	0	0.5	0	0
0	0.25	0	0	0	0.5	0.25	0
1	0	0	0	1	0	0	0
0	0	0	0	1	0	0	0
1	0.5	0	0.5	0	0	0	0
1	0	0	0	0.5	0.5	0	0
1	0	0	0	0	1	0	0
1	0	0	0	1	0	0	0
1	0	0	0	1	0	0	0
1	0	0	0	1	0	0	0
0	1	0	0	0	0	0	0
0	0.5	0	0.5	0	0	0	0
0	0	0	0	0	0	1	0
0	0.5	0	0.5	0	0	0	0
0	0.5	0.5	0	0	0	0	0
0	0	0.5	0.5	0	0	0	0
1	0	0	0.5	0.5	0	0	0
1	0.5	0.5	0	0	0	0	0
1	0.5	0.5	0	0	0	0	0
0	0.5	0	0	0.5	0	0	0
0	0	1	0	0	0	0	0
0	0	0.5	0	0.5	0	0	0
0	0	0	1	0	0	0	0
0	0	0	1	0	0	0	0
1	0	0.5	0	0.5	0	0	0
0	0	0	0	1	0	0	0
0	0	0.5	0.5	0	0	0	0
0	0	0	1	0	0	0	0
0	0	0	0	1	0	0	0
0	0	0	1	0	0	0	0
1	0.5	0.5	0	0	0	0	0
0	0.5	0	0	0.5	0	0	0
0	0	0	0	1	0	0	0
0	1	0	0	0	0	0	0
1	0	0	0	0	0	1	0
1	0	0	0	1	0	0	0
1	0.5	0	0.5	0	0	0	0
1	0	0	0.5	0.5	0	0	0
1	0.5	0	0	0.5	0	0	0
0	0.5	0.5	0	0	0	0	0
0	0	0	0	0	0	1	0
0	0	0	0	0	1	0	0
0	0	0.5	0	0.5	0	0	0
0	0	0.5	0	0.5	0	0	0
0	0	0	0	1	0	0	0
0	0	0.5	0	0.5	0	0	0
0	0	0	0	0.5	0	0.5	0
0	0	0	0	0	1	0	0
0	0.5	0	0	0.5	0	0	0
0	0	0.5	0	0	0.5	0	0
0	0	0.5	0	0.5	0	0	0
0	0	0	0	1	0	0	0
0	0.5	0	0	0	0	0.5	0
1	0	0	0	0	0	1	0
0	0	0	0	1	0	0	0
0	0	0	0	1	0	0	0
0	0	0.5	0	0.5	0	0	0
0	0	0	0	0	0	1	0
0	0.5	0.5	0	0	0	0	0
0	0	0	0	1	0	0	0
0	0	0	0	0	0	0	1
0	0.5	0.5	0	0	0	0	0
1	0.5	0.5	0	0	0	0	0
0	0	0	0	1	0	0	0
0	0	0	0	1	0	0	0
0	0	0	0	1	0	0	0
0	0	0	0	1	0	0	0
1	0	0	0	1	0	0	0
0	0	0.5	0	0.5	0	0	0
0	0	0	0	0	1	0	0
0	0	0.5	0	0.5	0	0	0
0	0.5	0	0	0.5	0	0	0
0	0	0.5	0	0.5	0	0	0
0	0	0	0	1	0	0	0
0	0	0	0	1	0	0	0
0	0	0	0.5	0	0	0	0.5
0	0	0.5	0	0.5	0	0	0
1	0	0.5	0.5	0	0	0	0
0	0.5	0	0	0	0.5	0	0
0	0.5	0	0	0	0.5	0	0
0	0	0	0	0.5	0.5	0	0
1	0	0	0	0.5	0.5	0	0
1	0	0	0	0.5	0.5	0	0
1	0	0	0	0.5	0.5	0	0
0	0	0	0	1	0	0	0
0	0	0	1	0	0	0	0
0	0.5	0.5	0	0	0	0	0
0	0.5	0	0.5	0	0	0	0
0	0	0.5	0	0.5	0	0	0
0	0.5	0.5	0	0	0	0	0
0	0	0	0.5	0	0	0	0.5
0	0	0	0.5	0	0	0	0.5
0	0	0.5	0	0	0	0	0
0	0.5	0.5	0	0	0	0	0
0	0.5	0.5	0	0	0	0	0
0	0.5	0	0.5	0	0	0	0
0	0	0.5	0	0.5	0	0	0
0	0	1	0	0	0	0	0
0	0	0	0	1	0	0	0
0	0	0	0	1	0	0	0
0	0	0	1	0	0	0	0
0	0	0	0	1	0	0	0
1	0	0.5	0.5	0	0	0	0
0	0.5	0.5	0	0	0	0	0
0	0	0	0	0	0	1	0
0	0	0	1	0	0	0	0
0	0	0.5	0	0.5	0	0	0
0	0	0.5	0	0	0.5	0	0
0	0	0.5	0.5	0	0	0	0
0	0	1	0	0	0	0	0
1	0	0	0	0	0	1	0
0	0	0	0	1	0	0	0
0	0	0	0	0	0	1	0
